1995    179.05	152.48	162.79	55.03	0.50	47.03	134.33	33.44	324.45	2.39	93.74	24.50	23.34	130.71	128.35	32.36
1996	141.81	118.47	42.45	59.33	0.96	16.41	83.64	49.65	392.71	15.79	90.20	6.81	30.80	45.54	123.51	47.93
1997	247.09	124.94	29.36	69.67	6.07	13.75	94.84	75.09	282.24	53.85	56.09	9.17	26.16	47.10	114.41	41.64
1998	164.10	90.52	37.44	45.35	5.14	8.97	84.74	36.64	131.20	46.87	43.85	12.90	29.01	41.87	203.62	35.90
1999	105.53	177.96	51.96	49.05	31.73	26.12	106.27	47.05	129.56	212.50	76.78	8.30	61.37	65.56	223.46	47.67
2000	163.26	153.53	55.32	92.83	14.70	70.08	222.30	52.17	141.20	41.83	38.55	22.15	46.87	78.78	127.96	38.79
2001	557.36	141.96	76.14	183.78	26.82	61.02	213.51	49.20	175.58	75.00	23.30	25.47	137.08	96.78	169.81	46.58
2002	852.45	268.26	100.73	254.65	26.50	83.20	235.25	64.20	147.22	144.26	47.41	39.95	173.21	127.95	257.12	64.13
2003	482.89	303.51	145.84	252.10	19.60	170.86	788.01	68.11	1154.54	87.32	103.07	29.45	124.99	133.28	355.43	39.15
2004	407.92	210.24	160.40	286.25	17.85	118.84	432.47	104.42	914.65	120.90	169.75	32.22	79.84	151.58	843.99	28.03
2005	323.55	127.04	166.11	320.81	18.71	187.77	644.95	33.73	590.79	56.74	153.49	33.55	53.82	187.82	1372.59	20.10
2006	319.81	63.25	149.05	411.04	9.43	41.58	347.77	49.04	393.03	31.26	147.11	36.49	45.80	302.26	1332.80	21.24
2007	301.67	18.30	94.46	356.20	6.82	21.82	278.59	19.24	302.40	45.36	99.53	44.32	32.84	239.64	1238.16	11.09